# Blender 4.2.1 LTS
# www.blender.org
mtllib Cube.mtl
o Cube.001
v 1.707107 0.292893 -0.000000
v 0.707107 -0.707107 -1.414214
v 0.707107 -0.707107 1.414214
v -0.292893 -1.707107 0.000000
v 0.292893 1.707107 -0.000000
v -0.707107 0.707107 -1.414214
v -0.707107 0.707107 1.414214
v -1.707107 -0.292893 0.000000
v -1.207107 0.207107 -0.707107
v 0.000000 -0.000000 -1.414214
v 1.207107 -0.207107 -0.707107
v -1.207107 0.207107 0.707107
v 0.207107 -1.207107 0.707107
v -0.207107 1.207107 -0.707107
v 0.000000 0.000000 1.414214
v 1.207107 -0.207107 0.707107
v -1.000000 -1.000000 0.000000
v -0.207107 1.207107 0.707107
v 1.000000 1.000000 -0.000000
v 0.207107 -1.207107 -0.707107
v 0.500000 0.500000 -0.707107
v 0.707107 -0.707107 0.000000
v -0.500000 -0.500000 -0.707107
v -0.707107 0.707107 -0.000000
v -0.500000 -0.500000 0.707107
v 0.500000 0.500000 0.707107
vn 0.5000 0.5000 0.7071
vn -0.5000 -0.5000 0.7071
vn -0.7071 0.7071 -0.0000
vn -0.5000 -0.5000 -0.7071
vn 0.7071 -0.7071 -0.0000
vn 0.5000 0.5000 -0.7071
vt 0.875000 0.625000
vt 0.750000 0.750000
vt 0.750000 0.625000
vt 0.625000 0.875000
vt 0.500000 1.000000
vt 0.500000 0.875000
vt 0.500000 0.125000
vt 0.625000 0.250000
vt 0.500000 0.250000
vt 0.375000 0.625000
vt 0.250000 0.750000
vt 0.250000 0.625000
vt 0.625000 0.625000
vt 0.500000 0.750000
vt 0.500000 0.625000
vt 0.625000 0.375000
vt 0.500000 0.500000
vt 0.500000 0.375000
vt 0.375000 0.500000
vt 0.375000 0.375000
vt 0.375000 0.250000
vt 0.375000 0.750000
vt 0.625000 0.500000
vt 0.125000 0.750000
vt 0.125000 0.625000
vt 0.250000 0.500000
vt 0.125000 0.500000
vt 0.375000 0.125000
vt 0.375000 0.000000
vt 0.500000 0.000000
vt 0.625000 0.125000
vt 0.375000 0.875000
vt 0.375000 1.000000
vt 0.625000 0.750000
vt 0.750000 0.500000
vt 0.875000 0.500000
vt 0.875000 0.750000
vt 0.625000 1.000000
vt 0.625000 0.000000
s 0
usemtl Material.001
f 18/1/1 15/2/1 26/3/1
f 15/4/2 12/5/2 25/6/2
f 24/7/3 5/8/3 14/9/3
f 20/10/4 17/11/4 23/12/4
f 16/13/5 13/14/5 22/15/5
f 19/16/6 11/17/6 21/18/6
f 21/18/6 2/19/6 10/20/6
f 14/9/6 10/20/6 6/21/6
f 5/8/6 21/18/6 14/9/6
f 22/15/5 4/22/5 20/10/5
f 11/17/5 20/10/5 2/19/5
f 1/23/5 22/15/5 11/17/5
f 23/12/4 8/24/4 9/25/4
f 10/26/4 9/25/4 6/27/4
f 2/19/4 23/12/4 10/26/4
f 9/28/3 14/9/3 6/21/3
f 8/29/3 24/7/3 9/28/3
f 12/30/3 18/31/3 24/7/3
f 17/32/2 12/5/2 8/33/2
f 13/14/2 17/32/2 4/22/2
f 3/34/2 25/6/2 13/14/2
f 26/3/1 3/34/1 16/13/1
f 19/35/1 16/13/1 1/23/1
f 5/36/1 26/3/1 19/35/1
f 18/1/1 7/37/1 15/2/1
f 15/4/2 7/38/2 12/5/2
f 24/7/3 18/31/3 5/8/3
f 20/10/4 4/22/4 17/11/4
f 16/13/5 3/34/5 13/14/5
f 19/16/6 1/23/6 11/17/6
f 21/18/6 11/17/6 2/19/6
f 14/9/6 21/18/6 10/20/6
f 5/8/6 19/16/6 21/18/6
f 22/15/5 13/14/5 4/22/5
f 11/17/5 22/15/5 20/10/5
f 1/23/5 16/13/5 22/15/5
f 23/12/4 17/11/4 8/24/4
f 10/26/4 23/12/4 9/25/4
f 2/19/4 20/10/4 23/12/4
f 9/28/3 24/7/3 14/9/3
f 8/29/3 12/30/3 24/7/3
f 12/30/3 7/39/3 18/31/3
f 17/32/2 25/6/2 12/5/2
f 13/14/2 25/6/2 17/32/2
f 3/34/2 15/4/2 25/6/2
f 26/3/1 15/2/1 3/34/1
f 19/35/1 26/3/1 16/13/1
f 5/36/1 18/1/1 26/3/1
